0 0 0 0 0 0 0 0 0 0 0 0 0 0 0 0 0 0 0
0 0 0 0 0 0 0 0 0 0 0 0 0 0 0 0 0 0 0 0 0 0 0 0 0 0 0 0 0 0 0 0 0
0 0 0 0 0 0 0 0 0 0 0 0 0 0 0 0 0 0 0 0 0 0 0 0 0 0 0 0 0 0 0 0 0
0 0 0 0 0 0 0 0 0 0 0 0 0 0 0 0 0 0 0 0 0 0 0 0 0 0 0 0 0 0 0 0 0
0 7 0 0 0 0 0 0 0 0 0 0 0 0 0 0 0 5 0 0 8 6 9 4 9 4 0 0 0 0 0 0 0
0 0 10 10 11 12 11 3 5 0 1 1 0 5 0 0 12 11 6 0 0 9 10 10 13 9 9 12
13 12 5 8 12 11 12 8 3 9 11 10 13 12 8 8 9 8 10 6 9 7 10 7 3 0 0 7
11 9 0 0 5 7 5 4 7 8 8 6 0 0 6 7 6 3 6 1 3 3 5 2 8 5 0 6 2 0 3 0 3
0 0 0 0 0 0 0 0 0 0 4 4 1 1 2 2 0 0 0 0 0 0 0 0 0 6 5 2 0 0 0 0 0 0
0 0 0 0 0 0 0 0 0 0 0 0 0 0 0 0 0 0 0 0 0 0 0 0 0 0 0 0 0 0 0 0 0 0
0 0 0 0 0 0 0 0 0 0 0 0 0 0 0 0 0 0 0 0 0 0 0 0 0 0 0 0 0 0 0 0 0 0
0 0 0 0 0 0 0 0 0 0 0 0 0 0 0 0 0 0 0 0 0 0 0 0 0 0