0 0 0 0 0 0 0 0 0 0 0 0 0 0 0 9 0 2
0 0 4 0 0 0 0 0 0 0 0 0 0 0 0 0 0 0 6 5 0 0 0 0 0 0 0 0 0 0 0 0 0
0 0 4 4 9 7 5 2 4 11 0 0 9 0 0 0 0 0 0 0 0 0 0 0 0 0 0 0 12 3 7 4
0 6 7 11 10 13 7 9 7 13 14 7 0 7 8 12 12 0 14 0 0 0 7 8 2 5 12 11
11 1 12 10 10 14 9 9 11 1 7 10 0 7 11 13 9 13 13 14 9 13 13 6 14
13 12 13 13 13 14 15 12 14 13 14 8 12 13 15 17 10 5 4 10 9 9 11 11
7 11 12 12 10 6 7 12 13 12 12 14 12 11 11 10 12 13 13 12 14 11 14
12 8 11 13 15 15 12 14 9 12 12 11 8 11 14 5 10 8 9 9 3 9 8 9 10 11
11 10 6 7 11 10 10 9 6 9 11 10 9 9 11 1 7 5 5 7 11 4 10 11 13 16 11
9 12 16 5 5 6 5 6 7 10 12 11 12 11 9 10 10 8 9 11 7 9 7 6 7 8 3 11
5 4 9 10 11 9 5 11 9 7 8 10 5 11 7 5 8 1 6 8 0 5 7 3 7 8 10 11 11
7 8 8 10 3 11 10 9 8 4 7 6 9 9 9 7 9 0 1 3 8 8 10 6 3 6 0 0 0 0 4
4 0 0 0 0 0 0 0 0 0 0 0 0 0 8 1 8 6 0 0 0 0 0 0 0 0 0 0 0 0 0 0 0
0 0 0 0 0 0 0 0 0 0 0